    OtG       O81qq      O11qq      O83qq      O13qq      O8qt       O1qt       O8ut       O1ut       O8qu       O1qu       O8dt       O1dt       O8qd       O1qd        OtW       OQQ1       OQQ8       OQt1      OQtQb1     OQtQb8      OQt8       OQb1       OQb8       Ott1       Otb1       Otb8        Otp       OpQM       Ofq3        Opt        Off        OtZ        ObW    
   0.00303   -3.62868    2.84948    6.65051    2.86958    0.18378   -1.33278    9.15423   -1.01921   -3.11033   -6.60900    2.28216   -3.21970   -3.50331    0.22190   -0.93492    5.91902    7.42977   -7.72825    1.39188    9.73560   -3.55013   -2.62820   -7.29487    1.95544    8.60972    5.50228    8.77762   -6.48828   -0.91271    0.79972    0.69131    0.28450    2.30461
   0.00303   -3.62868    2.84948    6.65051    2.86958    0.18378   -1.33278    9.15423   -1.01921   -3.11033   -6.60900    2.28216   -3.21970   -3.50331    0.22190   -0.93492    5.91902    7.42977   -7.72825    1.39188    9.73560   -3.55013   -2.62820   -7.29487    1.95544    8.60972    5.50228    8.77762   -6.48828   -0.91271    0.79972    0.69131    0.28450    2.30461
   0.15489   -0.73316    0.35196    1.08032    0.17535   -0.65950   -0.86197   -1.62130   -0.39941   -1.99932    5.59412    2.55383   -2.36904   -7.62715    0.79250   -0.38438    1.03165    1.71926   -3.02871    2.29730  -10.31189   -2.05233   -3.40352   -9.19816   -7.41336    3.93249   -1.64890   -9.49131   -1.11499   -1.19376   -4.92636   -8.28550   -0.38753   -0.47491
  -0.10241    5.51067    2.74994   -3.90423   -0.87117   -0.51941    0.22447   -6.62992    0.68813   -2.10333   -1.52169   -4.53691   -7.66897   11.19285   -0.43887    0.09728    9.31503   -0.97005    0.68651    4.04608   -2.31439   -1.15393    3.37694   -8.40238    3.83269    4.31018    7.55508   -2.00114    3.63909    3.06739    8.89857   -8.43656    0.67096   -0.10314
   0.18696    3.68004   -1.11926   -2.41201   -1.06359   -0.21442    2.85594   -1.24950    1.40874   -7.97227   -3.23450    1.13340   -5.14318   -4.76766    1.51628    0.76012    7.18359   -9.10775   -0.17718   -6.20443    7.14423    3.31425    6.19947    9.93189    4.01819   10.99467   -3.91305    0.73811    2.00733    1.77930    4.92090   -1.27044    0.35759    6.22696
  -0.51259    1.95871   -2.33336   -0.96250   -2.16825    1.59307    1.55568    6.12606   -0.86008   -3.86930    0.99372   -1.05836    3.13714   -3.61916    0.52401   -1.60610   -5.42835   -9.80126    1.52442   -1.10961    9.53704    1.29007    7.13086    7.42814   -0.96742    1.77079    6.92450   -0.84840    1.17858   -4.38097   -1.17233   -3.67609   -7.13195    3.94643
  -0.51259    1.95871   -2.33336   -0.96250   -2.16825    1.59307    1.55568    6.12606   -0.86008   -3.86930    0.99372   -1.05836    3.13714   -3.61916    0.52401   -1.60610   -5.42835   -9.80126    1.52442   -1.10961    9.53704    1.29007    7.13086    7.42814   -0.96742    1.77079    6.92450   -0.84840    1.17858   -4.38097   -1.17233   -3.67609   -7.13195    3.94643
  -0.43926   -3.14812   -3.61060   -4.68887   -1.36685    0.72035    6.72812    7.58493   -0.61429    3.79378  -11.26451    6.03534   -0.68615   16.15853   -2.46617    1.41369   -6.04755    5.60247   -1.02487   -2.42355   -8.70260  -13.16463   -4.22906    4.07335    0.09511   -3.82405    3.74106    8.55082    4.92320    1.94828    1.72090   -9.60686    0.01740   -0.20180
   0.07441    0.75421    0.89269    1.36722   -0.11272    0.25524   -0.24371   -2.11941   -0.62163   -4.10930    1.15514    2.27906   -2.14034   -0.22706    0.36265   -0.01289    8.25327   -5.09426   -1.64203   -0.09573    2.49091   -4.50782   -3.79650   -2.68616    5.10203   -6.06591    7.06167    3.50513   -1.84519   -1.58720    3.38502    7.51216    0.98588    1.29487
   0.07441    0.75421    0.89269    1.36722   -0.11272    0.25524   -0.24371   -2.11941   -0.62163   -4.10930    1.15514    2.27906   -2.14034   -0.22706    0.36265   -0.01289    8.25327   -5.09426   -1.64203   -0.09573    2.49091   -4.50782   -3.79650   -2.68616    5.10203   -6.06591    7.06167    3.50513   -1.84519   -1.58720    3.38502    7.51216    0.98588    1.29487
  -0.08351   -1.26814    6.59825   -2.87909   -2.03615   -3.38993   -4.59312   -5.04063    0.65243    9.09475    4.06087   -0.38701    7.08648   -0.55973   -0.19447    0.17981   -3.83100    9.18058    5.63536    9.33087   -8.20922   -9.44017    0.62198    9.97008   -9.99704   -8.52474    9.39264   -4.26872    0.47928   -1.62420   -3.86176    7.96161    3.86632   -0.03897
  -0.19797    3.31269   -1.72971    0.01848   -0.39046    1.89917    2.58619    5.68041    1.05123   -6.58994   -9.36918    0.10643   -3.75042    4.81995   -0.61239    0.02225   -8.50052    0.56388    1.23585    6.33253   -0.16569   -0.81437    8.12628    9.38604   13.20151    4.90294   -0.13445    7.60156    0.06394   -0.44800    2.02267    7.45102   -0.05589    1.53542
   0.25160   -0.03602   -3.19358   -2.51480    0.66751    0.93697   -1.34572   -2.25545    1.78416  -12.96794    5.55608    3.23847   -3.69930    2.47584    1.30727    0.08912    0.86049   -3.30900    6.10111    6.25878    6.76595    4.55056    2.26095    4.49071   -9.83029   -1.48403   -5.54304    9.09398    2.72336    5.87549   -4.59307    3.87642   -1.68450    1.62253
   0.25160   -0.03602   -3.19358   -2.51480    0.66751    0.93697   -1.34572   -2.25545    1.78416  -12.96794    5.55608    3.23847   -3.69930    2.47584    1.30727    0.08912    0.86049   -3.30900    6.10111    6.25878    6.76595    4.55056    2.26095    4.49071   -9.83029   -1.48403   -5.54304    9.09398    2.72336    5.87549   -4.59307    3.87642   -1.68450    1.62253
  -0.24515    1.71370   -1.86327    2.28657   -1.08900    1.62068    1.51234    3.03061   -0.21008    4.95213   -0.23582   -4.95528   -0.87612   -1.96404   -1.07644   -2.07454   -9.05543    6.07212    5.16064    6.25365    5.47652   -6.67732    7.35767    4.26089    6.74849    2.33771   -1.17737   -4.11673   -2.16341   -6.15946    1.91019    0.01585   -5.45276   -5.88778
  -0.07428    6.83167    8.30128   -5.16847    2.33955   -2.55875   -6.10547   -5.65915    3.41489    9.87977   -1.58086    4.91164   -5.43020    0.40738  -19.21139   -0.34200    7.72593   -1.65151   -8.75224   12.95431    1.56827   -9.16719    4.48401    2.46377  -14.24018   -2.51281   -1.20926 -1383.37460    4.88985   15.48647    4.67026  -80.97844   -0.81566    2.21209
  -0.07428    6.83167    8.30128   -5.16847    2.33955   -2.55875   -6.10547   -5.65915    3.41489    9.87977   -1.58086    4.91164   -5.43020    0.40738  -19.21139   -0.34200    7.72593   -1.65151   -8.75224   12.95431    1.56827   -9.16719    4.48401    2.46377  -14.24018   -2.51281   -1.20926 -1383.37460    4.88985   15.48647    4.67026  -80.97844   -0.81566    2.21209
  -0.19150    1.02204   -0.26330   -1.34213   -1.86333   -0.53796    2.38798    4.30932    0.02607   -3.41898   -4.10028   -2.22610   -1.89637    6.78387   -0.80231   -1.07644   -2.42444    3.64451    4.05406   -5.27620    7.65463    2.01120   -6.76279   -1.10978   -1.99881   -3.74335    3.39981   -0.02426    0.81232   -2.71814   -1.36711   -5.58055   -1.47769   -0.36731
  -0.22994   -0.73021   -2.93565   -2.83702   -1.60434    1.91240    0.65454    1.20950    0.83428    5.64840   -3.93826   -2.69669    4.93375    9.75352   -1.09218   -2.63648    5.05807   -5.03903   -2.50293   -3.25144   -5.66276    8.48513    6.67856   -3.85094   -0.98814   -3.14534   -5.30904    7.19086    2.57954   -0.44781    2.18674  -10.49234   -0.47605    4.93880
  -0.19015    1.97001    0.83445   -2.39734   -0.98472    0.15441    1.54045   -1.45394    0.85074    1.82859   -2.12079   -0.58131   -6.81835    5.25247   -0.48378    0.46520   -2.59527    4.24731   -3.53075    8.91794   -6.26793    1.08401   -6.48795   -7.66500    1.84188    9.46121    4.40843   -1.26772    2.48135    0.96333    2.05919   -1.50646    0.44962   -0.39430
  -0.10653    1.73454    0.08066   -4.14694   -2.32192   -0.95221    3.65753   -6.77897    1.99248    5.98375   -0.22302    0.73829  -11.79232    4.62445   -0.30954   -0.31718   -9.21923    2.69890   -0.03401   -1.42359   -3.23979   -9.13178    4.83067   -8.17162   -3.57571    8.43302    1.76553    7.09025    3.24232   -0.38013    7.66707   -2.31942   -0.51651   -0.40376
  -0.20887    0.27785    0.62033   -3.10517   -1.85814   -0.02121    2.10508    0.59607   -0.01150    0.94404   -3.85245    4.41933   -0.62015    6.69953   -0.90951   -0.44136    6.10914    8.17922   -4.01342    0.04876    2.59518   -5.44746    4.21225   -8.40466   -1.99861   10.51135   -4.53465   -6.19201    2.56925    0.71021    3.95960   -3.13997   -0.07246    2.84936
  -0.20887    0.27785    0.62033   -3.10517   -1.85814   -0.02121    2.10508    0.59607   -0.01150    0.94404   -3.85245    4.41933   -0.62015    6.69953   -0.90951   -0.44136    6.10914    8.17922   -4.01342    0.04876    2.59518   -5.44746    4.21225   -8.40466   -1.99861   10.51135   -4.53465   -6.19201    2.56925    0.71021    3.95960   -3.13997   -0.07246    2.84936
  -0.17877    2.51837    0.88794   -2.71181   -0.95633    0.32156    1.47586   -3.04086    1.54474    5.79902   -2.22943   -0.98336   -8.43063    3.00120   -0.36728   -0.09808   -0.05989   -4.51499   -4.01919    6.07058   -3.99575   -1.88415    0.69702   -2.18054    8.87986    3.98636   -6.62617   -9.18034    2.42761    2.70343    4.63176   -8.49013    0.26502   -0.13903
  -0.07602   -0.11411   -2.78079    2.48517   -0.04910    1.47578    2.30037   -1.21643   -1.99499   -2.73824    2.16789    1.53935   -0.79487    0.48797   -0.31797   -3.28360    9.86745   -1.59752   -8.50569   -3.28263    9.27116    2.12382    7.20475    1.69758    4.44258   10.04921    6.84174    6.40859   -3.42201   -3.53613    4.17096   -2.26385    0.30598   -0.13839
  -0.07602   -0.11411   -2.78079    2.48517   -0.04910    1.47578    2.30037   -1.21643   -1.99499   -2.73824    2.16789    1.53935   -0.79487    0.48797   -0.31797   -3.28360    9.86745   -1.59752   -8.50569   -3.28263    9.27116    2.12382    7.20475    1.69758    4.44258   10.04921    6.84174    6.40859   -3.42201   -3.53613    4.17096   -2.26385    0.30598   -0.13839
  -0.18645    5.26971    0.35684   -0.96533   -1.50834    1.05154   -0.29495   -0.09315    0.82962   -3.72250    0.77760    1.09249   -2.87512   -3.19763    0.37171   -2.11210    1.11328    3.29257   -2.07909   -7.18288    7.54772   -6.98735   -7.97489    2.19434    8.50819    3.38861    8.97039   -8.87900    2.85249   -3.27582    8.20909   -6.32042   -0.31761    6.89943
   0.01289    1.72197    4.76956   -0.39177   -0.89514    0.25617   -0.20874    4.73995   -0.44493   -9.45721   -7.01801    1.56134   -1.49275   -2.80771    2.78181    1.05626   -8.55702   -6.69807   -1.26645    2.99886   -9.54926    4.50315    2.51589   -9.55248   -2.93011    8.01077    3.03445    9.25928   -0.64066   -1.19150    8.16272   -5.86755   -1.31134   -0.06071
   0.03610    2.97062    0.38449   -0.76917   -0.10229    0.13998    0.01040    5.47531   -0.03609   -9.16894   -2.98993   -0.10221    0.26505   -4.18416    0.88442   -0.36519   -8.95331    0.76804    7.63746   -9.19966   -3.00202    4.17172   -7.46693   -6.65392    1.85260   -9.67702   -2.42723   -7.46515    1.82877    0.75427   -6.64141   -6.81433    0.47073   -0.53300
   0.05191    5.17478    3.72531   -0.23119   -1.27398   -1.18659   -1.10460   -0.95835   -1.01642  -10.42489   -0.65787    5.43584   -4.54004    0.39293    0.35644   -0.52580   -8.42608   -6.90514   -3.91789   -3.18371   -9.25613    6.42073   -5.80483   -3.76970   -6.29993    9.51367   -7.16908    6.12925   -0.48799   -1.88440    2.08057    3.91328   -0.16920   -1.49478
   0.21259   -1.01632    4.27806    2.00222    1.05428   -1.77220   -0.84400    0.14689   -0.61729    0.08359   -2.07009   -3.49500   -3.10494   -6.07139    1.57706   -0.24454    0.77442   -9.78649    3.00936    1.77738    0.07196   -5.31086    7.18945    4.15885   -7.97614   -5.43190    6.07034    9.72016   -2.76301    0.89785    6.86144   -8.38321    0.81691   -0.11584
  -0.02474   -1.99895    0.35348    3.66707    1.25440    0.54016   -0.50386    0.16120   -2.69113   -7.55035   -0.29834    6.30851    1.00951    5.57672   -0.36163   -0.43052   -5.10560    0.45414   -5.73331   -6.84947   -6.74281   -6.79969    5.30322   -6.48630    7.50625    1.62006   -5.04358   -0.12500   -4.73459   -1.48707    5.44233   -6.50671    1.82084    0.15426
  -0.02474   -1.99895    0.35348    3.66707    1.25440    0.54016   -0.50386    0.16120   -2.69113   -7.55035   -0.29834    6.30851    1.00951    5.57672   -0.36163   -0.43052   -5.10560    0.45414   -5.73331   -6.84947   -6.74281   -6.79969    5.30322   -6.48630    7.50625    1.62006   -5.04358   -0.12500   -4.73459   -1.48707    5.44233   -6.50671    1.82084    0.15426
  -0.02615    2.54802    0.29738   -2.29467   -1.41049   -0.31620    1.56330    0.01390    2.39039    1.85007    0.09185    2.23388  -10.61101   -5.94633    0.57262   -0.15152   -9.11915    3.17265    2.68363   -5.02240    4.33855    0.78983   -0.83111    7.82412   -6.47650   -2.67521   -7.06441   -9.79559    2.81268    0.28766   -5.40324   -2.29954   -0.29324   -0.31180
   0.03114    3.85594    0.16272   -2.77716   -2.19450   -0.79194    2.10903   -2.63622    1.22446    0.01725    0.86602   -1.06168   -5.93614   -5.41089    0.94469   -0.12972    2.23650    0.94929    6.84108   -5.08258    1.15533   -7.35869    4.83500   -2.87104   -5.89969    8.37288    6.13346   -0.80796    2.95497   -2.85607   -0.94053    7.45714   -0.14005   -0.36409
   0.11347    5.05029    0.53767   -2.57607   -0.67557   -0.48642    1.59728   -2.14373    2.01237   -7.05955   -2.76102    1.75201   -9.19542   -3.05255    1.26532    0.04601    1.32931   -2.55908    6.49001   -6.81257    3.90629    1.01464   -2.80447    9.36069  -10.44426    2.15411    5.18509    8.74431    2.90606    1.40014    2.67238   -3.51182    0.64902    1.93341
   0.24187   -7.24568   -1.22103    0.83464    0.15815   -0.45536    1.09854    0.24959   -2.43154    3.59216    8.82350   -5.07786    1.88278   -5.68971    0.66232   -0.37684   -2.51191   -5.88671    0.33657   -8.83234    6.23290   -3.21714    3.04297    0.34008    2.90514    3.00522    7.89522    0.28946    0.31596   -1.08158   -4.74009   -6.62686   -0.92727   -0.22421
  -0.06576   -0.28163   -0.55351   -1.02210   -0.75929   -0.26246    2.52451   -4.37242   -1.07108    2.46645   -1.13432   -3.80698    0.49236    5.62145   -0.44729   -0.69987    0.70985   -3.38257    4.21439   -4.45014   -0.80129   -7.35459   -6.51172   -0.26791   11.13490    2.65691   -6.19085   -5.89565    1.64998   -1.22812    7.54120   -1.13518   -0.82625   -0.32101
   0.03072   -1.41562    5.59554    0.49805   -0.09851   -2.31891   -1.58666    1.65385   -0.82792    0.80072   -3.91204   -1.98482    2.46802   -0.11649    0.21209   -0.02944   -7.33734    5.74621    1.30491    5.77101   -9.92431   -3.84838   -8.74194   -4.44661   -2.26976    0.06038    9.46013   -9.76936   -1.24808   -0.70660    6.47363   -1.84221    0.03268   -0.08804
  -0.15008    1.74724   -1.35121   -1.41362   -1.57022    1.29320    0.40938   -3.92838    0.75719    3.35312    6.48989    0.43543   -5.57615   -0.37865   -0.20117   -0.13765    7.12702   -9.09075    2.19863   -7.34525   -4.64521   -8.81627   -3.65145    5.41929   -1.26561    7.16742    8.09008   -7.50857    1.91278   -1.62700   -6.20797    3.89796   -0.02422   -0.00506
  -0.15008    1.74724   -1.35121   -1.41362   -1.57022    1.29320    0.40938   -3.92838    0.75719    3.35312    6.48989    0.43543   -5.57615   -0.37865   -0.20117   -0.13765    7.12702   -9.09075    2.19863   -7.34525   -4.64521   -8.81627   -3.65145    5.41929   -1.26561    7.16742    8.09008   -7.50857    1.91278   -1.62700   -6.20797    3.89796   -0.02422   -0.00506
  -0.07627    0.33438   -1.66914   -4.17552   -2.06678   -0.88289    5.61162   -1.22718    0.07940   -0.08632   -5.91709    3.60960   -4.25521    8.62324   -0.97293   -1.12923    4.12989    4.32448   -4.92823    8.07434   -9.16470   -0.20288   -6.86447   -8.34504   -0.48265    1.63868    4.83432   -5.44955    3.17446   -0.56380   10.33896   -6.52711   -0.31590   -4.67489
  -0.24573    1.83025   -5.30033   -3.11078   -1.57022    2.87296    4.20038   -5.51432   -0.68075   -2.20461   -0.40276    1.45612    2.17638   10.87109   -0.96713   -0.24685   -8.62389    9.46585    6.54739    3.19061   -9.71162   -3.25306    5.53894    3.10926   -6.99572   -3.78642    5.60149    6.61031    2.47094    0.58249    8.29250    4.03272    0.97154   -0.33283
  -0.24573    1.83025   -5.30033   -3.11078   -1.57022    2.87296    4.20038   -5.51432   -0.68075   -2.20461   -0.40276    1.45612    2.17638   10.87109   -0.96713   -0.24685   -8.62389    9.46585    6.54739    3.19061   -9.71162   -3.25306    5.53894    3.10926   -6.99572   -3.78642    5.60149    6.61031    2.47094    0.58249    8.29250    4.03272    0.97154   -0.33283
  -0.00536    0.47539    1.40900   -2.12483   -1.53488   -1.45371    1.62054    3.20365   -0.04032    0.25038   -5.63745   -4.20279    1.89225    5.23738   -0.40106   -0.20749   -9.03364    9.33061    2.34512   -4.68345   -2.05040    3.87223   -6.42228   -1.30136   -5.82704    4.10643    9.75329   -8.60259    1.46674   -0.41876    2.29849   -4.91070   -0.81059   -0.73299
   0.22730    3.90761   -2.31225   -2.32199   -1.42072    0.48231    2.72342   -5.24104    0.86148   -4.16175    2.25324   -2.12482   -2.92878   -8.51016    1.89265    0.09818   -4.07045   -6.74657    1.52525    4.32477   -8.76911   11.01407    0.54653   -0.83926    8.80281   -3.73743   -4.46569   -7.76078    2.02776    0.48721    4.78122    3.98899    0.54486    0.34106
  -0.12308    0.77993   -2.99208   -3.20190   -2.85833    0.84038    3.86977   -3.26607    0.84048    3.15542    2.19380   -4.57916   -3.94429    3.52925   -0.23356   -0.19342   -6.52431   -9.69602    3.42545   -7.33322    8.34266    1.79626   -0.21026    5.34857    5.20206    8.33989    4.08138    0.02547    3.60266   -3.31679   -1.90078    9.40654   -0.61749   -2.25385
   0.02312   -4.17633   -2.64574   -0.55749   -3.40512   -0.65464    6.16913    3.17270   -2.25500    1.98028   -0.14534   -6.42630    1.32396    5.41061   -1.88839   -0.59985    0.70525   -3.60303    7.89582    2.38535    3.18229    2.81591   -5.92865   -4.41520   -2.60125    0.47837    7.49935    2.26306   -0.79716   -8.60697    4.48992    2.56271   -1.93398    0.48679
   0.02312   -4.17633   -2.64574   -0.55749   -3.40512   -0.65464    6.16913    3.17270   -2.25500    1.98028   -0.14534   -6.42630    1.32396    5.41061   -1.88839   -0.59985    0.70525   -3.60303    7.89582    2.38535    3.18229    2.81591   -5.92865   -4.41520   -2.60125    0.47837    7.49935    2.26306   -0.79716   -8.60697    4.48992    2.56271   -1.93398    0.48679
  -0.10747   -2.25688   -1.51709   -1.69581   -2.23439    0.10090    3.11334    8.89297   -1.71850   -5.93968   -5.66018   -0.98228    8.35743    7.27873   -0.64764   -0.83514    4.82985   -1.71961    6.78835   -9.10838    4.39938   -9.07093    3.13373   -3.58594    5.62280    3.03591    6.32952   -1.11877    1.78188   -3.25138   -3.51706    8.23003   -0.30450   -0.28469
   0.17479    3.95621   -0.50883   -1.67104   -0.32998   -0.06103    1.73381   -2.74258    0.16424   -2.76329   -0.90717   -3.94618   -1.90585   -7.04845    1.55430   -0.45811    3.84095   -1.78965    7.85483    2.00515    1.88029    1.27310   -4.59606    9.29180   -2.23795    2.94330   10.92989   -8.58906    1.24473    2.63537    5.76745  -10.36636    0.38603    0.50764
  -0.05234    1.13730   -3.14873   -2.62812   -1.84330    1.34910    2.44180   -6.95788    0.80116    1.95599    4.70455   -2.02479   -3.34493    3.18379   -0.00481   -0.43998   -4.71964    9.30589    5.54700    7.44524   -5.01496    5.25744    9.36825    7.86960   -4.20125   -7.11316   -0.51315   -3.43542    2.10100   -0.25259    4.10260   -0.00188   -0.22880    0.19690
   0.11584    2.40963    0.84346    0.35040   -0.62178   -0.47215   -0.65406    0.28074   -0.25131   -3.62637   -2.77882    2.66668    2.74761    3.23458   -0.23305   -0.07164   -9.63616   -6.63646   -1.18282   -7.18019    3.48414   -5.09516   -5.50056    3.81359   11.64624   -0.00195    3.27592   -7.73611   -0.59017   -2.45637   -1.21179    2.95594    1.97980    0.94940
   0.11584    2.40963    0.84346    0.35040   -0.62178   -0.47215   -0.65406    0.28074   -0.25131   -3.62637   -2.77882    2.66668    2.74761    3.23458   -0.23305   -0.07164   -9.63616   -6.63646   -1.18282   -7.18019    3.48414   -5.09516   -5.50056    3.81359   11.64624   -0.00195    3.27592   -7.73611   -0.59017   -2.45637   -1.21179    2.95594    1.97980    0.94940
  -0.04493    0.82954   -0.84055   -2.84390   -1.89566   -0.20870    2.15850   -4.32462   -0.08031    0.64313    1.07132    6.67130   -0.27670   -2.05641    0.11513   -0.48099    9.83850    6.88154   -5.65971   -0.52077  -11.83355   -6.44995   -9.35753   -2.51245    3.95464    2.88442   -9.00609   -9.45752    1.73120   -0.05600    5.80013   -7.45569   -0.67753   -0.06268
  -0.04493    0.82954   -0.84055   -2.84390   -1.89566   -0.20870    2.15850   -4.32462   -0.08031    0.64313    1.07132    6.67130   -0.27670   -2.05641    0.11513   -0.48099    9.83850    6.88154   -5.65971   -0.52077  -11.83355   -6.44995   -9.35753   -2.51245    3.95464    2.88442   -9.00609   -9.45752    1.73120   -0.05600    5.80013   -7.45569   -0.67753   -0.06268
   0.03660    3.69400    0.21335   -3.74467   -2.45085   -0.60013    0.28698   -6.93126   -0.32619   -4.26620    4.80211   -5.09064   -0.99116    7.87241    0.03419   -0.77200   -4.33475   -6.14934    4.30984    0.28504    0.49435    8.02522    5.60062    3.06952   -3.86331    1.38571    3.25109    3.60587    2.91978   -0.62104    2.89063   -7.90226   -0.89534   -0.31570
  -0.23370   -2.05337   -3.63003   -2.39516   -1.89607    1.36615    2.96786   -2.70784    0.09212    2.24105    3.97006    2.73238   -4.07219   11.53557   -1.53858    0.06766   -9.50886    9.48296    5.16482   -6.47981   -9.52393   -9.06898   -2.38181    5.88090   -5.71120    9.78809   -2.81091    7.51741    2.60254   -2.16880   -2.89627    2.69570   -0.29577   -0.36759
